199.929 -0.25 0.01
199.859 -0.250177 0.02
199.788 -0.250354 0.03
199.717 -0.250531 0.04
199.646 -0.250709 0.05
199.576 -0.250887 0.06
199.505 -0.251065 0.07
199.434 -0.251243 0.08
199.363 -0.251421 0.09
199.292 -0.2516 0.1
199.221 -0.251779 0.11
199.151 -0.251958 0.12
199.08 -0.252137 0.13
199.009 -0.252317 0.14
198.938 -0.252496 0.15
198.867 -0.252676 0.16
198.796 -0.252856 0.17
198.725 -0.253037 0.18
198.654 -0.253217 0.19
198.583 -0.253398 0.2
198.512 -0.253579 0.21
198.441 -0.253761 0.22
198.37 -0.253942 0.23
198.299 -0.254124 0.24
198.228 -0.254306 0.25
198.157 -0.254488 0.26
198.086 -0.254671 0.27
198.015 -0.254854 0.28
197.944 -0.255036 0.29
197.873 -0.25522 0.3
197.802 -0.255403 0.31
197.731 -0.255587 0.32
197.66 -0.25577 0.33
197.589 -0.255955 0.34
197.518 -0.256139 0.35
197.446 -0.256323 0.36
197.375 -0.256508 0.37
197.304 -0.256693 0.38
197.233 -0.256878 0.39
197.162 -0.257064 0.4
197.091 -0.25725 0.41
197.019 -0.257436 0.42
196.948 -0.257622 0.43
196.877 -0.257808 0.44
196.806 -0.257995 0.45
196.734 -0.258182 0.46
196.663 -0.258369 0.47
196.592 -0.258556 0.48
196.52 -0.258744 0.49
196.449 -0.258932 0.5
196.378 -0.25912 0.51
196.306 -0.259308 0.52
196.235 -0.259497 0.53
196.164 -0.259685 0.54
196.092 -0.259874 0.55
196.021 -0.260064 0.56
195.949 -0.260253 0.57
195.878 -0.260443 0.58
195.806 -0.260633 0.59
195.735 -0.260823 0.6
195.663 -0.261014 0.61
195.592 -0.261204 0.62
195.52 -0.261395 0.63
195.449 -0.261587 0.64
195.377 -0.261778 0.65
195.306 -0.26197 0.66
195.234 -0.262162 0.67
195.163 -0.262354 0.68
195.091 -0.262546 0.69
195.02 -0.262739 0.7
194.948 -0.262932 0.71
194.876 -0.263125 0.72
194.805 -0.263319 0.73
194.733 -0.263512 0.74
194.661 -0.263706 0.75
194.59 -0.2639 0.76
194.518 -0.264095 0.77
194.446 -0.26429 0.78
194.375 -0.264485 0.79
194.303 -0.26468 0.8
194.231 -0.264875 0.81
194.159 -0.265071 0.82
194.088 -0.265267 0.83
194.016 -0.265463 0.84
193.944 -0.26566 0.85
193.872 -0.265856 0.86
193.8 -0.266053 0.87
193.729 -0.26625 0.88
193.657 -0.266448 0.89
193.585 -0.266646 0.9
193.513 -0.266844 0.91
193.441 -0.267042 0.92
193.369 -0.26724 0.93
193.297 -0.267439 0.94
193.225 -0.267638 0.95
193.153 -0.267838 0.96
193.082 -0.268037 0.97
193.01 -0.268237 0.98
192.938 -0.268437 0.99
192.866 -0.268637 1
192.794 -0.268838 1.01
192.722 -0.269039 1.02
192.65 -0.26924 1.03
192.577 -0.269441 1.04
192.505 -0.269643 1.05
192.433 -0.269845 1.06
192.361 -0.270047 1.07
192.289 -0.270249 1.08
192.217 -0.270452 1.09
192.145 -0.270655 1.1
192.073 -0.270858 1.11
192.001 -0.271062 1.12
191.928 -0.271266 1.13
191.856 -0.27147 1.14
191.784 -0.271674 1.15
191.712 -0.271879 1.16
191.64 -0.272083 1.17
191.567 -0.272289 1.18
191.495 -0.272494 1.19
191.423 -0.2727 1.2
191.351 -0.272905 1.21
191.278 -0.273112 1.22
191.206 -0.273318 1.23
191.134 -0.273525 1.24
191.061 -0.273732 1.25
190.989 -0.273939 1.26
190.917 -0.274147 1.27
190.844 -0.274355 1.28
190.772 -0.274563 1.29
190.699 -0.274771 1.3
190.627 -0.27498 1.31
190.555 -0.275189 1.32
190.482 -0.275398 1.33
190.41 -0.275608 1.34
190.337 -0.275817 1.35
190.265 -0.276027 1.36
190.192 -0.276238 1.37
190.12 -0.276448 1.38
190.047 -0.276659 1.39
189.975 -0.276871 1.4
189.902 -0.277082 1.41
189.83 -0.277294 1.42
189.757 -0.277506 1.43
189.684 -0.277718 1.44
189.612 -0.277931 1.45
189.539 -0.278144 1.46
189.467 -0.278357 1.47
189.394 -0.27857 1.48
189.321 -0.278784 1.49
189.249 -0.278998 1.5
189.176 -0.279212 1.51
189.103 -0.279427 1.52
189.03 -0.279642 1.53
188.958 -0.279857 1.54
188.885 -0.280073 1.55
188.812 -0.280288 1.56
188.739 -0.280505 1.57
188.667 -0.280721 1.58
188.594 -0.280937 1.59
188.521 -0.281154 1.6
188.448 -0.281372 1.61
188.375 -0.281589 1.62
188.303 -0.281807 1.63
188.23 -0.282025 1.64
188.157 -0.282244 1.65
188.084 -0.282462 1.66
188.011 -0.282681 1.67
187.938 -0.282901 1.68
187.865 -0.28312 1.69
187.792 -0.28334 1.7
187.719 -0.28356 1.71
187.646 -0.283781 1.72
187.573 -0.284002 1.73
187.5 -0.284223 1.74
187.427 -0.284444 1.75
187.354 -0.284666 1.76
187.281 -0.284888 1.77
187.208 -0.28511 1.78
187.135 -0.285333 1.79
187.062 -0.285556 1.8
186.989 -0.285779 1.81
186.915 -0.286002 1.82
186.842 -0.286226 1.83
186.769 -0.28645 1.84
186.696 -0.286675 1.85
186.623 -0.2869 1.86
186.55 -0.287125 1.87
186.476 -0.28735 1.88
186.403 -0.287576 1.89
186.33 -0.287802 1.9
186.257 -0.288028 1.91
186.183 -0.288255 1.92
186.11 -0.288482 1.93
186.037 -0.288709 1.94
185.964 -0.288936 1.95
185.89 -0.289164 1.96
185.817 -0.289392 1.97
185.743 -0.289621 1.98
185.67 -0.28985 1.99
185.597 -0.290079 2
185.523 -0.290308 2.01
185.45 -0.290538 2.02
185.376 -0.290768 2.03
185.303 -0.290999 2.04
185.23 -0.291229 2.05
185.156 -0.29146 2.06
185.083 -0.291692 2.07
185.009 -0.291923 2.08
184.936 -0.292155 2.09
184.862 -0.292388 2.1
184.788 -0.29262 2.11
184.715 -0.292853 2.12
184.641 -0.293087 2.13
184.568 -0.29332 2.14
184.494 -0.293554 2.15
184.421 -0.293789 2.16
184.347 -0.294023 2.17
184.273 -0.294258 2.18
184.2 -0.294493 2.19
184.126 -0.294729 2.2
184.052 -0.294965 2.21
183.978 -0.295201 2.22
183.905 -0.295438 2.23
183.831 -0.295675 2.24
183.757 -0.295912 2.25
183.683 -0.29615 2.26
183.61 -0.296388 2.27
183.536 -0.296626 2.28
183.462 -0.296865 2.29
183.388 -0.297103 2.3
183.314 -0.297343 2.31
183.241 -0.297582 2.32
183.167 -0.297822 2.33
183.093 -0.298062 2.34
183.019 -0.298303 2.35
182.945 -0.298544 2.36
182.871 -0.298785 2.37
182.797 -0.299027 2.38
182.723 -0.299269 2.39
182.649 -0.299511 2.4
182.575 -0.299754 2.41
182.501 -0.299997 2.42
182.427 -0.30024 2.43
182.353 -0.300484 2.44
182.279 -0.300728 2.45
182.205 -0.300972 2.46
182.131 -0.301217 2.47
182.057 -0.301462 2.48
181.983 -0.301708 2.49
181.909 -0.301953 2.5
181.834 -0.3022 2.51
181.76 -0.302446 2.52
181.686 -0.302693 2.53
181.612 -0.30294 2.54
181.538 -0.303188 2.55
181.463 -0.303436 2.56
181.389 -0.303684 2.57
181.315 -0.303932 2.58
181.241 -0.304181 2.59
181.166 -0.304431 2.6
181.092 -0.30468 2.61
181.018 -0.30493 2.62
180.944 -0.305181 2.63
180.869 -0.305432 2.64
180.795 -0.305683 2.65
180.72 -0.305934 2.66
180.646 -0.306186 2.67
180.572 -0.306438 2.68
180.497 -0.306691 2.69
180.423 -0.306944 2.7
180.348 -0.307197 2.71
180.274 -0.307451 2.72
180.199 -0.307705 2.73
180.125 -0.307959 2.74
180.05 -0.308214 2.75
179.976 -0.308469 2.76
179.901 -0.308725 2.77
179.827 -0.308981 2.78
179.752 -0.309237 2.79
179.678 -0.309493 2.8
179.603 -0.30975 2.81
179.528 -0.310008 2.82
179.454 -0.310266 2.83
179.379 -0.310524 2.84
179.304 -0.310782 2.85
179.23 -0.311041 2.86
179.155 -0.3113 2.87
179.08 -0.31156 2.88
179.006 -0.31182 2.89
178.931 -0.31208 2.9
178.856 -0.312341 2.91
178.781 -0.312602 2.92
178.707 -0.312864 2.93
178.632 -0.313126 2.94
178.557 -0.313388 2.95
178.482 -0.313651 2.96
178.407 -0.313914 2.97
178.332 -0.314177 2.98
178.258 -0.314441 2.99
178.183 -0.314705 3
178.108 -0.31497 3.01
178.033 -0.315235 3.02
177.958 -0.3155 3.03
177.883 -0.315766 3.04
177.808 -0.316032 3.05
177.733 -0.316299 3.06
177.658 -0.316566 3.07
177.583 -0.316833 3.08
177.508 -0.317101 3.09
177.433 -0.317369 3.1
177.358 -0.317638 3.11
177.283 -0.317907 3.12
177.208 -0.318176 3.13
177.132 -0.318446 3.14
177.057 -0.318716 3.15
176.982 -0.318987 3.16
176.907 -0.319258 3.17
176.832 -0.319529 3.18
176.757 -0.319801 3.19
176.681 -0.320073 3.2
176.606 -0.320345 3.21
176.531 -0.320618 3.22
176.456 -0.320892 3.23
176.38 -0.321166 3.24
176.305 -0.32144 3.25
176.23 -0.321714 3.26
176.154 -0.321989 3.27
176.079 -0.322265 3.28
176.004 -0.322541 3.29
175.928 -0.322817 3.3
175.853 -0.323094 3.31
175.778 -0.323371 3.32
175.702 -0.323648 3.33
175.627 -0.323926 3.34
175.551 -0.324205 3.35
175.476 -0.324483 3.36
175.4 -0.324763 3.37
175.325 -0.325042 3.38
175.249 -0.325322 3.39
175.174 -0.325603 3.4
175.098 -0.325883 3.41
175.023 -0.326165 3.42
174.947 -0.326447 3.43
174.871 -0.326729 3.44
174.796 -0.327011 3.45
174.72 -0.327294 3.46
174.644 -0.327578 3.47
174.569 -0.327862 3.48
174.493 -0.328146 3.49
174.417 -0.328431 3.5
174.342 -0.328716 3.51
174.266 -0.329001 3.52
174.19 -0.329287 3.53
174.114 -0.329574 3.54
174.039 -0.329861 3.55
173.963 -0.330148 3.56
173.887 -0.330436 3.57
173.811 -0.330724 3.58
173.735 -0.331013 3.59
173.659 -0.331302 3.6
173.584 -0.331591 3.61
173.508 -0.331881 3.62
173.432 -0.332172 3.63
173.356 -0.332463 3.64
173.28 -0.332754 3.65
173.204 -0.333046 3.66
173.128 -0.333338 3.67
173.052 -0.333631 3.68
172.976 -0.333924 3.69
172.9 -0.334217 3.7
172.824 -0.334511 3.71
172.748 -0.334806 3.72
172.672 -0.335101 3.73
172.596 -0.335396 3.74
172.519 -0.335692 3.75
172.443 -0.335988 3.76
172.367 -0.336285 3.77
172.291 -0.336582 3.78
172.215 -0.33688 3.79
172.139 -0.337178 3.8
172.062 -0.337476 3.81
171.986 -0.337775 3.82
171.91 -0.338075 3.83
171.834 -0.338375 3.84
171.757 -0.338675 3.85
171.681 -0.338976 3.86
171.605 -0.339278 3.87
171.528 -0.33958 3.88
171.452 -0.339882 3.89
171.376 -0.340185 3.9
171.299 -0.340488 3.91
171.223 -0.340792 3.92
171.146 -0.341096 3.93
171.07 -0.341401 3.94
170.994 -0.341706 3.95
170.917 -0.342011 3.96
170.841 -0.342318 3.97
170.764 -0.342624 3.98
170.688 -0.342931 3.99
170.611 -0.343239 4
170.534 -0.343547 4.01
170.458 -0.343855 4.02
170.381 -0.344164 4.03
170.305 -0.344474 4.04
170.228 -0.344784 4.05
170.151 -0.345094 4.06
170.075 -0.345405 4.07
169.998 -0.345717 4.08
169.921 -0.346029 4.09
169.845 -0.346341 4.1
169.768 -0.346654 4.11
169.691 -0.346967 4.12
169.614 -0.347281 4.13
169.538 -0.347596 4.14
169.461 -0.347911 4.15
169.384 -0.348226 4.16
169.307 -0.348542 4.17
169.23 -0.348859 4.18
169.153 -0.349175 4.19
169.077 -0.349493 4.2
169 -0.349811 4.21
168.923 -0.350129 4.22
168.846 -0.350448 4.23
168.769 -0.350768 4.24
168.692 -0.351088 4.25
168.615 -0.351408 4.26
168.538 -0.351729 4.27
168.461 -0.352051 4.28
168.384 -0.352373 4.29
168.307 -0.352695 4.3
168.23 -0.353018 4.31
168.153 -0.353342 4.32
168.075 -0.353666 4.33
167.998 -0.353991 4.34
167.921 -0.354316 4.35
167.844 -0.354641 4.36
167.767 -0.354968 4.37
167.69 -0.355294 4.38
167.612 -0.355622 4.39
167.535 -0.355949 4.4
167.458 -0.356278 4.41
167.381 -0.356606 4.42
167.303 -0.356936 4.43
167.226 -0.357266 4.44
167.149 -0.357596 4.45
167.071 -0.357927 4.46
166.994 -0.358259 4.47
166.917 -0.358591 4.48
166.839 -0.358923 4.49
166.762 -0.359256 4.5
166.684 -0.35959 4.51
166.607 -0.359924 4.52
166.529 -0.360259 4.53
166.452 -0.360594 4.54
166.374 -0.36093 4.55
166.297 -0.361266 4.56
166.219 -0.361603 4.57
166.142 -0.361941 4.58
166.064 -0.362279 4.59
165.987 -0.362617 4.6
165.909 -0.362956 4.61
165.831 -0.363296 4.62
165.754 -0.363636 4.63
165.676 -0.363977 4.64
165.598 -0.364318 4.65
165.521 -0.36466 4.66
165.443 -0.365003 4.67
165.365 -0.365346 4.68
165.287 -0.36569 4.69
165.21 -0.366034 4.7
165.132 -0.366378 4.71
165.054 -0.366724 4.72
164.976 -0.36707 4.73
164.898 -0.367416 4.74
164.82 -0.367763 4.75
164.742 -0.368111 4.76
164.665 -0.368459 4.77
164.587 -0.368808 4.78
164.509 -0.369157 4.79
164.431 -0.369507 4.8
164.353 -0.369857 4.81
164.275 -0.370209 4.82
164.197 -0.37056 4.83
164.119 -0.370912 4.84
164.041 -0.371265 4.85
163.962 -0.371619 4.86
163.884 -0.371973 4.87
163.806 -0.372327 4.88
163.728 -0.372682 4.89
163.65 -0.373038 4.9
163.572 -0.373395 4.91
163.494 -0.373752 4.92
163.415 -0.374109 4.93
163.337 -0.374467 4.94
163.259 -0.374826 4.95
163.181 -0.375185 4.96
163.102 -0.375545 4.97
163.024 -0.375906 4.98
162.946 -0.376267 4.99
162.867 -0.376629 5
162.789 -0.376991 5.01
162.711 -0.377354 5.02
162.632 -0.377718 5.03
162.554 -0.378082 5.04
162.475 -0.378447 5.05
162.397 -0.378813 5.06
162.319 -0.379179 5.07
162.24 -0.379545 5.08
162.162 -0.379913 5.09
162.083 -0.380281 5.1
162.004 -0.380649 5.11
161.926 -0.381019 5.12
161.847 -0.381388 5.13
161.769 -0.381759 5.14
161.69 -0.38213 5.15
161.611 -0.382502 5.16
161.533 -0.382874 5.17
161.454 -0.383247 5.18
161.375 -0.383621 5.19
161.297 -0.383995 5.2
161.218 -0.38437 5.21
161.139 -0.384745 5.22
161.06 -0.385121 5.23
160.982 -0.385498 5.24
160.903 -0.385876 5.25
160.824 -0.386254 5.26
160.745 -0.386633 5.27
160.666 -0.387012 5.28
160.587 -0.387392 5.29
160.508 -0.387773 5.3
160.429 -0.388154 5.31
160.351 -0.388536 5.32
160.272 -0.388919 5.33
160.193 -0.389302 5.34
160.114 -0.389686 5.35
160.035 -0.390071 5.36
159.955 -0.390456 5.37
159.876 -0.390842 5.38
159.797 -0.391229 5.39
159.718 -0.391616 5.4
159.639 -0.392004 5.41
159.56 -0.392393 5.42
159.481 -0.392783 5.43
159.402 -0.393173 5.44
159.322 -0.393563 5.45
159.243 -0.393955 5.46
159.164 -0.394347 5.47
159.085 -0.39474 5.48
159.005 -0.395133 5.49
158.926 -0.395527 5.5
158.847 -0.395922 5.51
158.767 -0.396318 5.52
158.688 -0.396714 5.53
158.609 -0.397111 5.54
158.529 -0.397508 5.55
158.45 -0.397907 5.56
158.37 -0.398306 5.57
158.291 -0.398705 5.58
158.211 -0.399106 5.59
158.132 -0.399507 5.6
158.052 -0.399909 5.61
157.973 -0.400311 5.62
157.893 -0.400714 5.63
157.814 -0.401118 5.64
157.734 -0.401523 5.65
157.654 -0.401928 5.66
157.575 -0.402335 5.67
157.495 -0.402741 5.68
157.416 -0.403149 5.69
157.336 -0.403557 5.7
157.256 -0.403966 5.71
157.176 -0.404376 5.72
157.097 -0.404786 5.73
157.017 -0.405197 5.74
156.937 -0.405609 5.75
156.857 -0.406022 5.76
156.777 -0.406435 5.77
156.697 -0.406849 5.78
156.618 -0.407264 5.79
156.538 -0.40768 5.8
156.458 -0.408096 5.81
156.378 -0.408513 5.82
156.298 -0.408931 5.83
156.218 -0.409349 5.84
156.138 -0.409769 5.85
156.058 -0.410189 5.86
155.978 -0.410609 5.87
155.898 -0.411031 5.88
155.818 -0.411453 5.89
155.738 -0.411876 5.9
155.657 -0.4123 5.91
155.577 -0.412725 5.92
155.497 -0.41315 5.93
155.417 -0.413576 5.94
155.337 -0.414003 5.95
155.256 -0.414431 5.96
155.176 -0.414859 5.97
155.096 -0.415289 5.98
155.016 -0.415719 5.99
154.935 -0.416149 6
154.855 -0.416581 6.01
154.775 -0.417013 6.02
154.694 -0.417446 6.03
154.614 -0.41788 6.04
154.533 -0.418315 6.05
154.453 -0.418751 6.06
154.372 -0.419187 6.07
154.292 -0.419624 6.08
154.211 -0.420062 6.09
154.131 -0.420501 6.1
154.05 -0.42094 6.11
153.97 -0.42138 6.12
153.889 -0.421822 6.13
153.809 -0.422264 6.14
153.728 -0.422706 6.15
153.647 -0.42315 6.16
153.567 -0.423594 6.17
153.486 -0.424039 6.18
153.405 -0.424485 6.19
153.325 -0.424932 6.2
153.244 -0.42538 6.21
153.163 -0.425828 6.22
153.082 -0.426278 6.23
153.001 -0.426728 6.24
152.921 -0.427179 6.25
152.84 -0.42763 6.26
152.759 -0.428083 6.27
152.678 -0.428537 6.28
152.597 -0.428991 6.29
152.516 -0.429446 6.3
152.435 -0.429902 6.31
152.354 -0.430359 6.32
152.273 -0.430817 6.33
152.192 -0.431275 6.34
152.111 -0.431734 6.35
152.03 -0.432195 6.36
151.949 -0.432656 6.37
151.868 -0.433118 6.38
151.786 -0.433581 6.39
151.705 -0.434044 6.4
151.624 -0.434509 6.41
151.543 -0.434974 6.42
151.462 -0.435441 6.43
151.38 -0.435908 6.44
151.299 -0.436376 6.45
151.218 -0.436845 6.46
151.136 -0.437315 6.47
151.055 -0.437786 6.48
150.974 -0.438257 6.49
150.892 -0.43873 6.5
150.811 -0.439203 6.51
150.73 -0.439677 6.52
150.648 -0.440153 6.53
150.567 -0.440629 6.54
150.485 -0.441106 6.55
150.404 -0.441584 6.56
150.322 -0.442062 6.57
150.241 -0.442542 6.58
150.159 -0.443023 6.59
150.077 -0.443504 6.6
149.996 -0.443987 6.61
149.914 -0.44447 6.62
149.832 -0.444954 6.63
149.751 -0.44544 6.64
149.669 -0.445926 6.65
149.587 -0.446413 6.66
149.505 -0.446901 6.67
149.424 -0.44739 6.68
149.342 -0.44788 6.69
149.26 -0.44837 6.7
149.178 -0.448862 6.71
149.096 -0.449355 6.72
149.014 -0.449849 6.73
148.932 -0.450343 6.74
148.851 -0.450839 6.75
148.769 -0.451335 6.76
148.687 -0.451833 6.77
148.605 -0.452331 6.78
148.523 -0.45283 6.79
148.44 -0.453331 6.8
148.358 -0.453832 6.81
148.276 -0.454334 6.82
148.194 -0.454838 6.83
148.112 -0.455342 6.84
148.03 -0.455847 6.85
147.948 -0.456353 6.86
147.865 -0.456861 6.87
147.783 -0.457369 6.88
147.701 -0.457878 6.89
147.619 -0.458388 6.9
147.536 -0.458899 6.91
147.454 -0.459411 6.92
147.372 -0.459924 6.93
147.289 -0.460439 6.94
147.207 -0.460954 6.95
147.125 -0.46147 6.96
147.042 -0.461987 6.97
146.96 -0.462505 6.98
146.877 -0.463025 6.99
146.795 -0.463545 7
146.712 -0.464066 7.01
146.63 -0.464588 7.02
146.547 -0.465112 7.03
146.464 -0.465636 7.04
146.382 -0.466161 7.05
146.299 -0.466688 7.06
146.216 -0.467215 7.07
146.134 -0.467744 7.08
146.051 -0.468273 7.09
145.968 -0.468804 7.1
145.885 -0.469336 7.11
145.803 -0.469868 7.12
145.72 -0.470402 7.13
145.637 -0.470937 7.14
145.554 -0.471473 7.15
145.471 -0.47201 7.16
145.388 -0.472548 7.17
145.305 -0.473087 7.18
145.222 -0.473627 7.19
145.139 -0.474169 7.2
145.056 -0.474711 7.21
144.973 -0.475254 7.22
144.89 -0.475799 7.23
144.807 -0.476344 7.24
144.724 -0.476891 7.25
144.641 -0.477439 7.26
144.558 -0.477988 7.27
144.475 -0.478538 7.28
144.392 -0.479089 7.29
144.308 -0.479641 7.3
144.225 -0.480195 7.31
144.142 -0.480749 7.32
144.059 -0.481305 7.33
143.975 -0.481861 7.34
143.892 -0.482419 7.35
143.808 -0.482978 7.36
143.725 -0.483538 7.37
143.642 -0.4841 7.38
143.558 -0.484662 7.39
143.475 -0.485226 7.4
143.391 -0.48579 7.41
143.308 -0.486356 7.42
143.224 -0.486923 7.43
143.141 -0.487491 7.44
143.057 -0.488061 7.45
142.973 -0.488631 7.46
142.89 -0.489203 7.47
142.806 -0.489776 7.48
142.723 -0.49035 7.49
142.639 -0.490925 7.5
142.555 -0.491501 7.51
142.471 -0.492079 7.52
142.388 -0.492657 7.53
142.304 -0.493237 7.54
142.22 -0.493819 7.55
142.136 -0.494401 7.56
142.052 -0.494984 7.57
141.968 -0.495569 7.58
141.884 -0.496155 7.59
141.8 -0.496742 7.6
141.716 -0.49733 7.61
141.632 -0.49792 7.62
141.548 -0.498511 7.63
141.464 -0.499103 7.64
141.38 -0.499696 7.65
141.296 -0.500291 7.66
141.212 -0.500886 7.67
141.128 -0.501483 7.68
141.044 -0.502082 7.69
140.96 -0.502681 7.7
140.875 -0.503282 7.71
140.791 -0.503884 7.72
140.707 -0.504487 7.73
140.622 -0.505092 7.74
140.538 -0.505697 7.75
140.454 -0.506305 7.76
140.369 -0.506913 7.77
140.285 -0.507523 7.78
140.201 -0.508133 7.79
140.116 -0.508746 7.8
140.032 -0.509359 7.81
139.947 -0.509974 7.82
139.863 -0.51059 7.83
139.778 -0.511207 7.84
139.693 -0.511826 7.85
139.609 -0.512446 7.86
139.524 -0.513067 7.87
139.439 -0.51369 7.88
139.355 -0.514314 7.89
139.27 -0.514939 7.9
139.185 -0.515566 7.91
139.101 -0.516194 7.92
139.016 -0.516823 7.93
138.931 -0.517454 7.94
138.846 -0.518086 7.95
138.761 -0.518719 7.96
138.676 -0.519354 7.97
138.591 -0.51999 7.98
138.507 -0.520627 7.99
138.422 -0.521266 8
138.337 -0.521906 8.01
138.252 -0.522548 8.02
138.167 -0.523191 8.03
138.081 -0.523835 8.04
137.996 -0.524481 8.05
137.911 -0.525128 8.06
137.826 -0.525776 8.07
137.741 -0.526426 8.08
137.656 -0.527077 8.09
137.57 -0.52773 8.1
137.485 -0.528384 8.11
137.4 -0.52904 8.12
137.315 -0.529697 8.13
137.229 -0.530355 8.14
137.144 -0.531015 8.15
137.059 -0.531676 8.16
136.973 -0.532339 8.17
136.888 -0.533003 8.18
136.802 -0.533669 8.19
136.717 -0.534335 8.2
136.631 -0.535004 8.21
136.546 -0.535674 8.22
136.46 -0.536345 8.23
136.374 -0.537018 8.24
136.289 -0.537693 8.25
136.203 -0.538369 8.26
136.117 -0.539046 8.27
136.032 -0.539725 8.28
135.946 -0.540405 8.29
135.86 -0.541087 8.3
135.774 -0.54177 8.31
135.689 -0.542455 8.32
135.603 -0.543142 8.33
135.517 -0.54383 8.34
135.431 -0.544519 8.35
135.345 -0.54521 8.36
135.259 -0.545903 8.37
135.173 -0.546597 8.38
135.087 -0.547292 8.39
135.001 -0.547989 8.4
134.915 -0.548688 8.41
134.829 -0.549388 8.42
134.743 -0.55009 8.43
134.657 -0.550794 8.44
134.57 -0.551499 8.45
134.484 -0.552205 8.46
134.398 -0.552913 8.47
134.312 -0.553623 8.48
134.225 -0.554334 8.49
134.139 -0.555047 8.5
134.053 -0.555762 8.51
133.966 -0.556478 8.52
133.88 -0.557196 8.53
133.794 -0.557915 8.54
133.707 -0.558636 8.55
133.621 -0.559359 8.56
133.534 -0.560083 8.57
133.448 -0.560809 8.58
133.361 -0.561537 8.59
133.275 -0.562266 8.6
133.188 -0.562997 8.61
133.101 -0.563729 8.62
133.015 -0.564463 8.63
132.928 -0.565199 8.64
132.841 -0.565937 8.65
132.754 -0.566676 8.66
132.668 -0.567417 8.67
132.581 -0.56816 8.68
132.494 -0.568904 8.69
132.407 -0.56965 8.7
132.32 -0.570398 8.71
132.233 -0.571148 8.72
132.146 -0.571899 8.73
132.059 -0.572652 8.74
131.972 -0.573406 8.75
131.885 -0.574163 8.76
131.798 -0.574921 8.77
131.711 -0.575681 8.78
131.624 -0.576443 8.79
131.537 -0.577206 8.8
131.449 -0.577971 8.81
131.362 -0.578738 8.82
131.275 -0.579507 8.83
131.188 -0.580278 8.84
131.1 -0.58105 8.85
131.013 -0.581824 8.86
130.926 -0.5826 8.87
130.838 -0.583378 8.88
130.751 -0.584158 8.89
130.663 -0.584939 8.9
130.576 -0.585722 8.91
130.488 -0.586507 8.92
130.401 -0.587294 8.93
130.313 -0.588083 8.94
130.226 -0.588874 8.95
130.138 -0.589666 8.96
130.05 -0.590461 8.97
129.963 -0.591257 8.98
129.875 -0.592055 8.99
129.787 -0.592855 9
129.699 -0.593657 9.01
129.612 -0.594461 9.02
129.524 -0.595267 9.03
129.436 -0.596074 9.04
129.348 -0.596884 9.05
129.26 -0.597695 9.06
129.172 -0.598509 9.07
129.084 -0.599324 9.08
128.996 -0.600141 9.09
128.908 -0.600961 9.1
128.82 -0.601782 9.11
128.732 -0.602605 9.12
128.644 -0.60343 9.13
128.556 -0.604257 9.14
128.468 -0.605086 9.15
128.379 -0.605917 9.16
128.291 -0.60675 9.17
128.203 -0.607585 9.18
128.114 -0.608423 9.19
128.026 -0.609262 9.2
127.938 -0.610103 9.21
127.849 -0.610946 9.22
127.761 -0.611791 9.23
127.672 -0.612639 9.24
127.584 -0.613488 9.25
127.495 -0.614339 9.26
127.407 -0.615193 9.27
127.318 -0.616048 9.28
127.23 -0.616906 9.29
127.141 -0.617766 9.3
127.052 -0.618628 9.31
126.964 -0.619492 9.32
126.875 -0.620358 9.33
126.786 -0.621226 9.34
126.697 -0.622096 9.35
126.608 -0.622968 9.36
126.519 -0.623843 9.37
126.431 -0.62472 9.38
126.342 -0.625599 9.39
126.253 -0.62648 9.4
126.164 -0.627363 9.41
126.075 -0.628249 9.42
125.986 -0.629136 9.43
125.896 -0.630026 9.44
125.807 -0.630918 9.45
125.718 -0.631812 9.46
125.629 -0.632709 9.47
125.54 -0.633607 9.48
125.451 -0.634508 9.49
125.361 -0.635411 9.5
125.272 -0.636317 9.51
125.183 -0.637224 9.52
125.093 -0.638134 9.53
125.004 -0.639046 9.54
124.914 -0.639961 9.55
124.825 -0.640878 9.56
124.735 -0.641797 9.57
124.646 -0.642718 9.58
124.556 -0.643642 9.59
124.467 -0.644568 9.6
124.377 -0.645496 9.61
124.287 -0.646427 9.62
124.198 -0.64736 9.63
124.108 -0.648295 9.64
124.018 -0.649233 9.65
123.928 -0.650173 9.66
123.839 -0.651116 9.67
123.749 -0.652061 9.68
123.659 -0.653008 9.69
123.569 -0.653958 9.7
123.479 -0.65491 9.71
123.389 -0.655865 9.72
123.299 -0.656822 9.73
123.209 -0.657781 9.74
123.119 -0.658743 9.75
123.029 -0.659708 9.76
122.938 -0.660675 9.77
122.848 -0.661644 9.78
122.758 -0.662616 9.79
122.668 -0.66359 9.8
122.578 -0.664567 9.81
122.487 -0.665546 9.82
122.397 -0.666528 9.83
122.306 -0.667513 9.84
122.216 -0.6685 9.85
122.126 -0.669489 9.86
122.035 -0.670481 9.87
121.945 -0.671476 9.88
121.854 -0.672473 9.89
121.763 -0.673473 9.9
121.673 -0.674476 9.91
121.582 -0.675481 9.92
121.491 -0.676488 9.93
121.401 -0.677499 9.94
121.31 -0.678512 9.95
121.219 -0.679527 9.96
121.128 -0.680546 9.97
121.037 -0.681567 9.98
120.947 -0.68259 9.99
120.856 -0.683617 10
120.765 -0.684646 10.01
120.674 -0.685678 10.02
120.583 -0.686712 10.03
120.492 -0.687749 10.04
120.401 -0.688789 10.05
120.309 -0.689832 10.06
120.218 -0.690878 10.07
120.127 -0.691926 10.08
120.036 -0.692977 10.09
119.944 -0.694031 10.1
119.853 -0.695087 10.11
119.762 -0.696147 10.12
119.67 -0.697209 10.13
119.579 -0.698274 10.14
119.488 -0.699342 10.15
119.396 -0.700413 10.16
119.305 -0.701487 10.17
119.213 -0.702564 10.18
119.121 -0.703643 10.19
119.03 -0.704726 10.2
118.938 -0.705811 10.21
118.846 -0.706899 10.22
118.755 -0.70799 10.23
118.663 -0.709085 10.24
118.571 -0.710182 10.25
118.479 -0.711282 10.26
118.387 -0.712385 10.27
118.296 -0.713491 10.28
118.204 -0.7146 10.29
118.112 -0.715712 10.3
118.02 -0.716827 10.31
117.928 -0.717945 10.32
117.836 -0.719067 10.33
117.743 -0.720191 10.34
117.651 -0.721318 10.35
117.559 -0.722449 10.36
117.467 -0.723582 10.37
117.375 -0.724719 10.38
117.282 -0.725859 10.39
117.19 -0.727002 10.4
117.098 -0.728148 10.41
117.005 -0.729297 10.42
116.913 -0.73045 10.43
116.82 -0.731605 10.44
116.728 -0.732764 10.45
116.635 -0.733926 10.46
116.542 -0.735092 10.47
116.45 -0.73626 10.48
116.357 -0.737432 10.49
116.264 -0.738607 10.5
116.172 -0.739785 10.51
116.079 -0.740967 10.52
115.986 -0.742152 10.53
115.893 -0.74334 10.54
115.8 -0.744532 10.55
115.707 -0.745727 10.56
115.615 -0.746925 10.57
115.522 -0.748127 10.58
115.428 -0.749332 10.59
115.335 -0.75054 10.6
115.242 -0.751752 10.61
115.149 -0.752968 10.62
115.056 -0.754186 10.63
114.963 -0.755409 10.64
114.869 -0.756634 10.65
114.776 -0.757864 10.66
114.683 -0.759096 10.67
114.589 -0.760332 10.68
114.496 -0.761572 10.69
114.403 -0.762815 10.7
114.309 -0.764062 10.71
114.216 -0.765312 10.72
114.122 -0.766566 10.73
114.028 -0.767824 10.74
113.935 -0.769085 10.75
113.841 -0.77035 10.76
113.747 -0.771618 10.77
113.654 -0.77289 10.78
113.56 -0.774166 10.79
113.466 -0.775445 10.8
113.372 -0.776729 10.81
113.278 -0.778015 10.82
113.184 -0.779306 10.83
113.09 -0.7806 10.84
112.996 -0.781899 10.85
112.902 -0.783201 10.86
112.808 -0.784506 10.87
112.714 -0.785816 10.88
112.62 -0.787129 10.89
112.525 -0.788446 10.9
112.431 -0.789767 10.91
112.337 -0.791092 10.92
112.242 -0.792421 10.93
112.148 -0.793754 10.94
112.054 -0.795091 10.95
111.959 -0.796431 10.96
111.865 -0.797776 10.97
111.77 -0.799124 10.98
111.675 -0.800477 10.99
111.581 -0.801834 11
111.486 -0.803194 11.01
111.391 -0.804559 11.02
111.297 -0.805928 11.03
111.202 -0.8073 11.04
111.107 -0.808677 11.05
111.012 -0.810058 11.06
110.917 -0.811443 11.07
110.822 -0.812833 11.08
110.727 -0.814226 11.09
110.632 -0.815624 11.1
110.537 -0.817026 11.11
110.442 -0.818432 11.12
110.347 -0.819842 11.13
110.252 -0.821256 11.14
110.157 -0.822675 11.15
110.061 -0.824098 11.16
109.966 -0.825526 11.17
109.871 -0.826958 11.18
109.775 -0.828394 11.19
109.68 -0.829834 11.2
109.584 -0.831279 11.21
109.489 -0.832728 11.22
109.393 -0.834182 11.23
109.298 -0.83564 11.24
109.202 -0.837103 11.25
109.106 -0.83857 11.26
109.011 -0.840042 11.27
108.915 -0.841518 11.28
108.819 -0.842998 11.29
108.723 -0.844484 11.3
108.627 -0.845973 11.31
108.531 -0.847468 11.32
108.435 -0.848967 11.33
108.339 -0.850471 11.34
108.243 -0.851979 11.35
108.147 -0.853492 11.36
108.051 -0.85501 11.37
107.955 -0.856532 11.38
107.858 -0.85806 11.39
107.762 -0.859592 11.4
107.666 -0.861129 11.41
107.569 -0.86267 11.42
107.473 -0.864217 11.43
107.377 -0.865768 11.44
107.28 -0.867324 11.45
107.183 -0.868885 11.46
107.087 -0.870451 11.47
106.99 -0.872022 11.48
106.894 -0.873598 11.49
106.797 -0.875179 11.5
106.7 -0.876765 11.51
106.603 -0.878356 11.52
106.506 -0.879952 11.53
106.41 -0.881553 11.54
106.313 -0.88316 11.55
106.216 -0.884771 11.56
106.119 -0.886387 11.57
106.021 -0.888009 11.58
105.924 -0.889636 11.59
105.827 -0.891268 11.6
105.73 -0.892905 11.61
105.633 -0.894548 11.62
105.535 -0.896196 11.63
105.438 -0.897849 11.64
105.341 -0.899508 11.65
105.243 -0.901172 11.66
105.146 -0.902841 11.67
105.048 -0.904516 11.68
104.951 -0.906196 11.69
104.853 -0.907882 11.7
104.755 -0.909573 11.71
104.658 -0.91127 11.72
104.56 -0.912972 11.73
104.462 -0.91468 11.74
104.364 -0.916393 11.75
104.266 -0.918112 11.76
104.169 -0.919837 11.77
104.071 -0.921567 11.78
103.973 -0.923303 11.79
103.874 -0.925045 11.8
103.776 -0.926792 11.81
103.678 -0.928546 11.82
103.58 -0.930305 11.83
103.482 -0.93207 11.84
103.383 -0.933841 11.85
103.285 -0.935617 11.86
103.187 -0.9374 11.87
103.088 -0.939189 11.88
102.99 -0.940983 11.89
102.891 -0.942784 11.9
102.793 -0.944591 11.91
102.694 -0.946403 11.92
102.595 -0.948222 11.93
102.497 -0.950047 11.94
102.398 -0.951878 11.95
102.299 -0.953716 11.96
102.2 -0.955559 11.97
102.101 -0.957409 11.98
102.002 -0.959265 11.99
101.903 -0.961127 12
101.804 -0.962996 12.01
101.705 -0.964871 12.02
101.606 -0.966752 12.03
101.507 -0.96864 12.04
101.407 -0.970534 12.05
101.308 -0.972435 12.06
101.209 -0.974343 12.07
101.109 -0.976256 12.08
101.01 -0.978177 12.09
100.91 -0.980104 12.1
100.811 -0.982038 12.11
100.711 -0.983978 12.12
100.612 -0.985925 12.13
100.512 -0.987879 12.14
100.412 -0.98984 12.15
100.312 -0.991807 12.16
100.213 -0.993782 12.17
100.113 -0.995763 12.18
100.013 -0.997751 12.19
99.9127 -0.999746 12.2
99.8127 -1.00175 12.21
99.7126 -1.00376 12.22
99.6124 -1.00577 12.23
99.5122 -1.0078 12.24
99.412 -1.00983 12.25
99.3117 -1.01186 12.26
99.2113 -1.01391 12.27
99.1109 -1.01596 12.28
99.0105 -1.01802 12.29
98.91 -1.02009 12.3
98.8094 -1.02216 12.31
98.7088 -1.02424 12.32
98.6082 -1.02633 12.33
98.5075 -1.02843 12.34
98.4067 -1.03053 12.35
98.3059 -1.03264 12.36
98.2051 -1.03476 12.37
98.1042 -1.03689 12.38
98.0032 -1.03902 12.39
97.9022 -1.04116 12.4
97.8011 -1.04331 12.41
97.7 -1.04547 12.42
97.5988 -1.04764 12.43
97.4976 -1.04981 12.44
97.3963 -1.05199 12.45
97.295 -1.05418 12.46
97.1936 -1.05638 12.47
97.0922 -1.05858 12.48
96.9907 -1.06079 12.49
96.8892 -1.06302 12.5
96.7876 -1.06525 12.51
96.6859 -1.06748 12.52
96.5842 -1.06973 12.53
96.4825 -1.07198 12.54
96.3807 -1.07424 12.55
96.2788 -1.07652 12.56
96.1769 -1.07879 12.57
96.0749 -1.08108 12.58
95.9729 -1.08338 12.59
95.8708 -1.08568 12.6
95.7687 -1.088 12.61
95.6665 -1.09032 12.62
95.5643 -1.09265 12.63
95.462 -1.09499 12.64
95.3596 -1.09733 12.65
95.2572 -1.09969 12.66
95.1548 -1.10206 12.67
95.0523 -1.10443 12.68
94.9497 -1.10682 12.69
94.8471 -1.10921 12.7
94.7444 -1.11161 12.71
94.6416 -1.11402 12.72
94.5388 -1.11644 12.73
94.436 -1.11887 12.74
94.3331 -1.12131 12.75
94.2301 -1.12376 12.76
94.1271 -1.12621 12.77
94.024 -1.12868 12.78
93.9209 -1.13116 12.79
93.8177 -1.13364 12.8
93.7145 -1.13614 12.81
93.6112 -1.13864 12.82
93.5078 -1.14115 12.83
93.4044 -1.14368 12.84
93.3009 -1.14621 12.85
93.1974 -1.14876 12.86
93.0938 -1.15131 12.87
92.9902 -1.15387 12.88
92.8865 -1.15645 12.89
92.7827 -1.15903 12.9
92.6789 -1.16162 12.91
92.575 -1.16423 12.92
92.4711 -1.16684 12.93
92.3671 -1.16947 12.94
92.2631 -1.1721 12.95
92.159 -1.17475 12.96
92.0548 -1.1774 12.97
91.9506 -1.18007 12.98
91.8463 -1.18275 12.99
91.7419 -1.18543 13
91.6375 -1.18813 13.01
91.5331 -1.19084 13.02
91.4286 -1.19356 13.03
91.324 -1.19629 13.04
91.2193 -1.19903 13.05
91.1146 -1.20178 13.06
91.0099 -1.20455 13.07
90.905 -1.20732 13.08
90.8002 -1.21011 13.09
90.6952 -1.21291 13.1
90.5902 -1.21571 13.11
90.4851 -1.21853 13.12
90.38 -1.22136 13.13
90.2748 -1.22421 13.14
90.1696 -1.22706 13.15
90.0643 -1.22993 13.16
89.9589 -1.23281 13.17
89.8535 -1.2357 13.18
89.748 -1.2386 13.19
89.6424 -1.24151 13.2
89.5368 -1.24444 13.21
89.4311 -1.24737 13.22
89.3254 -1.25032 13.23
89.2196 -1.25329 13.24
89.1137 -1.25626 13.25
89.0078 -1.25925 13.26
88.9018 -1.26225 13.27
88.7957 -1.26526 13.28
88.6896 -1.26828 13.29
88.5834 -1.27132 13.3
88.4772 -1.27437 13.31
88.3708 -1.27743 13.32
88.2645 -1.28051 13.33
88.158 -1.2836 13.34
88.0515 -1.2867 13.35
87.945 -1.28981 13.36
87.8383 -1.29294 13.37
87.7316 -1.29608 13.38
87.6249 -1.29923 13.39
87.518 -1.3024 13.4
87.4111 -1.30558 13.41
87.3042 -1.30878 13.42
87.1972 -1.31199 13.43
87.0901 -1.31521 13.44
86.9829 -1.31845 13.45
86.8757 -1.3217 13.46
86.7684 -1.32496 13.47
86.6611 -1.32824 13.48
86.5536 -1.33153 13.49
86.4461 -1.33484 13.5
86.3386 -1.33816 13.51
86.231 -1.3415 13.52
86.1233 -1.34485 13.53
86.0155 -1.34821 13.54
85.9077 -1.35159 13.55
85.7998 -1.35499 13.56
85.6919 -1.3584 13.57
85.5838 -1.36182 13.58
85.4757 -1.36526 13.59
85.3676 -1.36872 13.6
85.2593 -1.37219 13.61
85.151 -1.37568 13.62
85.0427 -1.37918 13.63
84.9342 -1.38269 13.64
84.8257 -1.38623 13.65
84.7172 -1.38978 13.66
84.6085 -1.39334 13.67
84.4998 -1.39692 13.68
84.391 -1.40052 13.69
84.2822 -1.40413 13.7
84.1732 -1.40776 13.71
84.0642 -1.41141 13.72
83.9552 -1.41507 13.73
83.846 -1.41875 13.74
83.7368 -1.42244 13.75
83.6275 -1.42616 13.76
83.5182 -1.42989 13.77
83.4088 -1.43363 13.78
83.2993 -1.4374 13.79
83.1897 -1.44118 13.8
83.0801 -1.44498 13.81
82.9704 -1.44879 13.82
82.8606 -1.45263 13.83
82.7507 -1.45648 13.84
82.6408 -1.46035 13.85
82.5308 -1.46424 13.86
82.4207 -1.46814 13.87
82.3106 -1.47207 13.88
82.2003 -1.47601 13.89
82.09 -1.47997 13.9
81.9797 -1.48395 13.91
81.8692 -1.48795 13.92
81.7587 -1.49197 13.93
81.6481 -1.496 13.94
81.5374 -1.50006 13.95
81.4267 -1.50413 13.96
81.3159 -1.50823 13.97
81.205 -1.51234 13.98
81.094 -1.51647 13.99
80.983 -1.52063 14
80.8718 -1.5248 14.01
80.7606 -1.52899 14.02
80.6494 -1.53321 14.03
80.538 -1.53744 14.04
80.4266 -1.54169 14.05
80.3151 -1.54597 14.06
80.2035 -1.55026 14.07
80.0918 -1.55458 14.08
79.9801 -1.55892 14.09
79.8683 -1.56328 14.1
79.7564 -1.56766 14.11
79.6444 -1.57206 14.12
79.5324 -1.57648 14.13
79.4202 -1.58093 14.14
79.308 -1.5854 14.15
79.1957 -1.58989 14.16
79.0834 -1.5944 14.17
78.9709 -1.59893 14.18
78.8584 -1.60349 14.19
78.7458 -1.60807 14.2
78.6331 -1.61267 14.21
78.5203 -1.6173 14.22
78.4074 -1.62194 14.23
78.2945 -1.62662 14.24
78.1815 -1.63131 14.25
78.0684 -1.63603 14.26
77.9552 -1.64078 14.27
77.842 -1.64554 14.28
77.7286 -1.65034 14.29
77.6152 -1.65515 14.3
77.5017 -1.65999 14.31
77.3881 -1.66486 14.32
77.2744 -1.66975 14.33
77.1607 -1.67467 14.34
77.0468 -1.67961 14.35
76.9329 -1.68458 14.36
76.8189 -1.68957 14.37
76.7048 -1.69459 14.38
76.5906 -1.69963 14.39
76.4763 -1.7047 14.4
76.362 -1.7098 14.41
76.2476 -1.71493 14.42
76.133 -1.72008 14.43
76.0184 -1.72526 14.44
75.9037 -1.73046 14.45
75.7889 -1.7357 14.46
75.6741 -1.74096 14.47
75.5591 -1.74625 14.48
75.4441 -1.75156 14.49
75.329 -1.75691 14.5
75.2137 -1.76228 14.51
75.0984 -1.76769 14.52
74.983 -1.77312 14.53
74.8676 -1.77858 14.54
74.752 -1.78407 14.55
74.6363 -1.78959 14.56
74.5206 -1.79515 14.57
74.4047 -1.80073 14.58
74.2888 -1.80634 14.59
74.1728 -1.81198 14.6
74.0567 -1.81765 14.61
73.9405 -1.82336 14.62
73.8242 -1.82909 14.63
73.7078 -1.83486 14.64
73.5913 -1.84066 14.65
73.4747 -1.84649 14.66
73.3581 -1.85235 14.67
73.2413 -1.85825 14.68
73.1245 -1.86418 14.69
73.0075 -1.87014 14.7
72.8905 -1.87614 14.71
72.7734 -1.88217 14.72
72.6561 -1.88823 14.73
72.5388 -1.89433 14.74
72.4214 -1.90046 14.75
72.3039 -1.90663 14.76
72.1863 -1.91283 14.77
72.0686 -1.91907 14.78
71.9508 -1.92534 14.79
71.8329 -1.93165 14.8
71.7149 -1.938 14.81
71.5968 -1.94438 14.82
71.4787 -1.9508 14.83
71.3604 -1.95725 14.84
71.242 -1.96375 14.85
71.1235 -1.97028 14.86
71.005 -1.97685 14.87
70.8863 -1.98346 14.88
70.7675 -1.9901 14.89
70.6486 -1.99679 14.9
70.5297 -2.00351 14.91
70.4106 -2.01028 14.92
70.2914 -2.01708 14.93
70.1721 -2.02393 14.94
70.0528 -2.03082 14.95
69.9333 -2.03774 14.96
69.8137 -2.04471 14.97
69.694 -2.05172 14.98
69.5742 -2.05878 14.99
69.4543 -2.06587 15
69.3344 -2.07301 15.01
69.2143 -2.08019 15.02
69.0941 -2.08742 15.03
68.9738 -2.09468 15.04
68.8533 -2.102 15.05
68.7328 -2.10936 15.06
68.6122 -2.11676 15.07
68.4915 -2.12421 15.08
68.3707 -2.1317 15.09
68.2497 -2.13925 15.1
68.1287 -2.14683 15.11
68.0075 -2.15447 15.12
67.8862 -2.16215 15.13
67.7649 -2.16988 15.14
67.6434 -2.17766 15.15
67.5218 -2.18549 15.16
67.4001 -2.19337 15.17
67.2783 -2.2013 15.18
67.1564 -2.20928 15.19
67.0344 -2.2173 15.2
66.9122 -2.22538 15.21
66.79 -2.23352 15.22
66.6676 -2.2417 15.23
66.5452 -2.24994 15.24
66.4226 -2.25822 15.25
66.2999 -2.26657 15.26
66.1771 -2.27496 15.27
66.0541 -2.28342 15.28
65.9311 -2.29192 15.29
65.8079 -2.30049 15.3
65.6847 -2.3091 15.31
65.5613 -2.31778 15.32
65.4378 -2.32651 15.33
65.3142 -2.3353 15.34
65.1904 -2.34415 15.35
65.0666 -2.35306 15.36
64.9426 -2.36202 15.37
64.8185 -2.37105 15.38
64.6943 -2.38014 15.39
64.57 -2.38929 15.4
64.4455 -2.3985 15.41
64.321 -2.40777 15.42
64.1963 -2.4171 15.43
64.0715 -2.4265 15.44
63.9465 -2.43596 15.45
63.8215 -2.44549 15.46
63.6963 -2.45508 15.47
63.571 -2.46474 15.48
63.4456 -2.47447 15.49
63.32 -2.48426 15.5
63.1944 -2.49412 15.51
63.0686 -2.50405 15.52
62.9427 -2.51405 15.53
62.8166 -2.52412 15.54
62.6904 -2.53426 15.55
62.5641 -2.54447 15.56
62.4377 -2.55475 15.57
62.3112 -2.56511 15.58
62.1845 -2.57554 15.59
62.0577 -2.58604 15.6
61.9307 -2.59662 15.61
61.8037 -2.60728 15.62
61.6765 -2.61801 15.63
61.5491 -2.62882 15.64
61.4217 -2.63971 15.65
61.2941 -2.65068 15.66
61.1663 -2.66173 15.67
61.0385 -2.67285 15.68
60.9105 -2.68406 15.69
60.7823 -2.69536 15.7
60.6541 -2.70673 15.71
60.5257 -2.71819 15.72
60.3971 -2.72974 15.73
60.2685 -2.74137 15.74
60.1396 -2.75309 15.75
60.0107 -2.76489 15.76
59.8816 -2.77679 15.77
59.7524 -2.78877 15.78
59.623 -2.80085 15.79
59.4935 -2.81302 15.8
59.3639 -2.82528 15.81
59.2341 -2.83763 15.82
59.1041 -2.85008 15.83
58.9741 -2.86262 15.84
58.8439 -2.87526 15.85
58.7135 -2.888 15.86
58.583 -2.90084 15.87
58.4523 -2.91378 15.88
58.3215 -2.92682 15.89
58.1906 -2.93996 15.9
58.0595 -2.95321 15.91
57.9283 -2.96656 15.92
57.7969 -2.98002 15.93
57.6653 -2.99358 15.94
57.5336 -3.00726 15.95
57.4018 -3.02104 15.96
57.2698 -3.03493 15.97
57.1377 -3.04894 15.98
57.0054 -3.06305 15.99
56.8729 -3.07729 16
56.7403 -3.09164 16.01
56.6076 -3.1061 16.02
56.4747 -3.12069 16.03
56.3416 -3.1354 16.04
56.2084 -3.15022 16.05
56.075 -3.16518 16.06
55.9415 -3.18025 16.07
55.8078 -3.19545 16.08
55.6739 -3.21078 16.09
55.5399 -3.22624 16.1
55.4057 -3.24183 16.11
55.2713 -3.25755 16.12
55.1368 -3.27341 16.13
55.0022 -3.2894 16.14
54.8673 -3.30553 16.15
54.7323 -3.32179 16.16
54.5972 -3.3382 16.17
54.4618 -3.35475 16.18
54.3263 -3.37144 16.19
54.1906 -3.38828 16.2
54.0548 -3.40527 16.21
53.9188 -3.42241 16.22
53.7826 -3.43969 16.23
53.6462 -3.45714 16.24
53.5097 -3.47473 16.25
53.373 -3.49249 16.26
53.2361 -3.5104 16.27
53.0991 -3.52848 16.28
52.9618 -3.54671 16.29
52.8244 -3.56512 16.3
52.6868 -3.58369 16.31
52.5491 -3.60243 16.32
52.4111 -3.62135 16.33
52.273 -3.64043 16.34
52.1347 -3.6597 16.35
51.9962 -3.67914 16.36
51.8575 -3.69877 16.37
51.7186 -3.71858 16.38
51.5796 -3.73857 16.39
51.4403 -3.75876 16.4
51.3009 -3.77913 16.41
51.1613 -3.7997 16.42
51.0215 -3.82047 16.43
50.8815 -3.84144 16.44
50.7413 -3.86261 16.45
50.6009 -3.88398 16.46
50.4603 -3.90556 16.47
50.3196 -3.92735 16.48
50.1786 -3.94936 16.49
50.0374 -3.97158 16.5
49.8961 -3.99402 16.51
49.7545 -4.01668 16.52
49.6127 -4.03957 16.53
49.4707 -4.06269 16.54
49.3286 -4.08604 16.55
49.1862 -4.10963 16.56
49.0436 -4.13346 16.57
48.9008 -4.15753 16.58
48.7578 -4.18184 16.59
48.6146 -4.20641 16.6
48.4712 -4.23123 16.61
48.3275 -4.25631 16.62
48.1837 -4.28164 16.63
48.0396 -4.30725 16.64
47.8954 -4.33312 16.65
47.7509 -4.35926 16.66
47.6061 -4.38569 16.67
47.4612 -4.41239 16.68
47.3161 -4.43938 16.69
47.1707 -4.46666 16.7
47.0251 -4.49424 16.71
46.8793 -4.52211 16.72
46.7332 -4.55029 16.73
46.5869 -4.57877 16.74
46.4404 -4.60757 16.75
46.2937 -4.63669 16.76
46.1467 -4.66613 16.77
45.9995 -4.6959 16.78
45.852 -4.726 16.79
45.7044 -4.75645 16.8
45.5564 -4.78723 16.81
45.4083 -4.81837 16.82
45.2599 -4.84987 16.83
45.1112 -4.88172 16.84
44.9624 -4.91395 16.85
44.8132 -4.94654 16.86
44.6638 -4.97952 16.87
44.5142 -5.01289 16.88
44.3643 -5.04664 16.89
44.2142 -5.0808 16.9
44.0638 -5.11536 16.91
43.9132 -5.15034 16.92
43.7623 -5.18574 16.93
43.6111 -5.22156 16.94
43.4597 -5.25783 16.95
43.308 -5.29453 16.96
43.156 -5.33168 16.97
43.0038 -5.3693 16.98
42.8513 -5.40738 16.99
42.6985 -5.44593 17
42.5455 -5.48497 17.01
42.3922 -5.5245 17.02
42.2386 -5.56453 17.03
42.0847 -5.60507 17.04
41.9306 -5.64613 17.05
41.7762 -5.68772 17.06
41.6214 -5.72985 17.07
41.4664 -5.77252 17.08
41.3111 -5.81576 17.09
41.1556 -5.85957 17.1
40.9997 -5.90395 17.11
40.8435 -5.94893 17.12
40.687 -5.99451 17.13
40.5303 -6.04071 17.14
40.3732 -6.08753 17.15
40.2158 -6.13499 17.16
40.0581 -6.1831 17.17
39.9001 -6.23188 17.18
39.7418 -6.28133 17.19
39.5832 -6.33147 17.2
39.4242 -6.38232 17.21
39.265 -6.43389 17.22
39.1054 -6.48619 17.23
38.9455 -6.53924 17.24
38.7852 -6.59305 17.25
38.6247 -6.64764 17.26
38.4638 -6.70302 17.27
38.3025 -6.75922 17.28
38.1409 -6.81625 17.29
37.979 -6.87412 17.3
37.8167 -6.93286 17.31
37.6541 -6.99249 17.32
37.4912 -7.05301 17.33
37.3279 -7.11446 17.34
37.1642 -7.17685 17.35
37.0001 -7.24021 17.36
36.8357 -7.30455 17.37
36.671 -7.36989 17.38
36.5058 -7.43627 17.39
36.3403 -7.5037 17.4
36.1744 -7.5722 17.41
36.0082 -7.64181 17.42
35.8415 -7.71254 17.43
35.6745 -7.78443 17.44
35.5071 -7.8575 17.45
35.3393 -7.93177 17.46
35.171 -8.00729 17.47
35.0024 -8.08406 17.48
34.8334 -8.16214 17.49
34.664 -8.24154 17.5
34.4941 -8.32231 17.51
34.3238 -8.40447 17.52
34.1532 -8.48806 17.53
33.982 -8.57311 17.54
33.8105 -8.65967 17.55
33.6385 -8.74776 17.56
33.4661 -8.83744 17.57
33.2932 -8.92873 17.58
33.1199 -9.02169 17.59
32.9462 -9.11635 17.6
32.7719 -9.21277 17.61
32.5973 -9.31098 17.62
32.4221 -9.41104 17.63
32.2465 -9.513 17.64
32.0704 -9.6169 17.65
31.8938 -9.7228 17.66
31.7167 -9.83076 17.67
31.5392 -9.94083 17.68
31.3611 -10.0531 17.69
31.1825 -10.1676 17.7
31.0035 -10.2843 17.71
30.8239 -10.4035 17.72
30.6438 -10.5251 17.73
30.4631 -10.6492 17.74
30.2819 -10.7759 17.75
30.1002 -10.9052 17.76
29.9179 -11.0373 17.77
29.7351 -11.1722 17.78
29.5517 -11.31 17.79
29.3678 -11.4508 17.8
29.1832 -11.5947 17.81
28.9981 -11.7418 17.82
28.8124 -11.8921 17.83
28.6261 -12.0459 17.84
28.4392 -12.2032 17.85
28.2517 -12.3642 17.86
28.0636 -12.5288 17.87
27.8748 -12.6974 17.88
27.6854 -12.8699 17.89
27.4953 -13.0466 17.9
27.3046 -13.2276 17.91
27.1133 -13.413 17.92
26.9212 -13.6031 17.93
26.7285 -13.7978 17.94
26.5351 -13.9975 17.95
26.3409 -14.2023 17.96
26.1461 -14.4125 17.97
25.9505 -14.6281 17.98
25.7542 -14.8494 17.99
25.5572 -15.0766 18
25.3594 -15.31 18.01
25.1608 -15.5498 18.02
24.9614 -15.7962 18.03
24.7613 -16.0495 18.04
24.5603 -16.31 18.05
24.3585 -16.578 18.06
24.1559 -16.8538 18.07
23.9524 -17.1377 18.08
23.7481 -17.4301 18.09
23.5429 -17.7314 18.1
23.3368 -18.0418 18.11
23.1298 -18.3619 18.12
22.9219 -18.692 18.13
22.713 -19.0327 18.14
22.5032 -19.3843 18.15
22.2924 -19.7475 18.16
22.0806 -20.1227 18.17
21.8678 -20.5106 18.18
21.6539 -20.9118 18.19
21.439 -21.3269 18.2
21.2231 -21.7565 18.21
21.006 -22.2016 18.22
20.7878 -22.6628 18.23
20.5685 -23.141 18.24
20.348 -23.6372 18.25
20.1263 -24.1522 18.26
19.9034 -24.6872 18.27
19.6792 -25.2433 18.28
19.4538 -25.8216 18.29
19.2271 -26.4235 18.3
18.999 -27.0504 18.31
18.7696 -27.7037 18.32
18.5388 -28.385 18.33
18.3065 -29.0963 18.34
18.0728 -29.8392 18.35
17.8376 -30.616 18.36
17.6008 -31.4288 18.37
17.3625 -32.2801 18.38
17.1225 -33.1725 18.39
16.8808 -34.1089 18.4
16.6374 -35.0925 18.41
16.3922 -36.1267 18.42
16.1453 -37.2154 18.43
15.8964 -38.3628 18.44
15.6456 -39.5734 18.45
15.3928 -40.8524 18.46
15.1379 -42.2053 18.47
14.8808 -43.6386 18.48
14.6216 -45.159 18.49
14.3601 -46.7745 18.5
14.0962 -48.4937 18.51
13.8299 -50.3263 18.52
13.561 -52.2835 18.53
13.2894 -54.3775 18.54
13.0151 -56.6225 18.55
12.7379 -59.0344 18.56
12.4577 -61.6317 18.57
12.1744 -64.4352 18.58
11.8878 -67.4692 18.59
11.5978 -70.7616 18.6
11.3041 -74.345 18.61
11.0067 -78.2576 18.62
10.7053 -82.5441 18.63
10.3996 -87.2578 18.64
10.0895 -92.462 18.65
9.77473 -98.2328 18.66
9.45488 -104.662 18.67
9.12966 -111.863 18.68
8.7987 -119.975 18.69
8.46158 -129.17 18.7
8.1178 -139.668 18.71
7.76682 -151.748 18.72
7.408 -165.773 18.73
7.04059 -182.221 18.74
6.66372 -201.735 18.75
6.27634 -225.199 18.76
5.87718 -253.856 18.77
5.46468 -289.509 18.78
5.03691 -334.865 18.79
4.59134 -394.159 18.8
4.12464 -474.375 18.81
3.63226 -587.797 18.82
3.10756 -757.961 18.83
2.54029 -1035.53 18.84
1.91287 -1549.65 18.85
